1.982589950881514937e+02 3.859123402993736573e-01
3.048734469695965572e+02 3.711145356824093744e-01
4.009105651627324960e+02 3.483360118196754396e-01
5.069740167368212269e+02 3.179648277129095146e-01
5.928495598393640194e+02 3.149640945264210457e-01
6.932714281177487692e+02 2.906495696024846143e-01
8.107036010529400301e+02 3.175991762237806992e-01
9.116564358770771150e+02 3.137018196648422297e-01
9.858494587178394113e+02 2.994443969883787138e-01
1.108612324749449726e+03 3.134512128513500251e-01
1.198834141099109502e+03 2.969333592180416481e-01
1.296398448564652654e+03 3.311181036530825295e-01
1.401902798580622630e+03 3.037438055266538095e-01
1.515993372904880061e+03 3.232863411297282052e-01
1.576474690799666178e+03 3.430054281374865233e-01
1.704772389515363102e+03 3.260022512165436925e-01
1.772785141201054103e+03 3.237414236500377185e-01
1.917059105928077997e+03 3.109356332333793604e-01
1.993541142908595248e+03 3.098111925052617899e-01
2.073074469211700034e+03 3.086532828912255666e-01
2.241786777261007046e+03 2.859870481476075033e-01
2.331223987971264251e+03 2.941552945196147517e-01
2.424229341174274396e+03 3.094422174414964699e-01
2.520945189708942053e+03 2.912766355503575988e-01
2.621519565652261463e+03 2.689177558507235277e-01
2.726106406895375585e+03 2.785090418157822878e-01
2.834865792758993848e+03 2.594031212663932551e-01
2.947964189008821450e+03 2.675561289799698317e-01
3.065574702645990328e+03 2.611386297642619980e-01
3.187877346862481318e+03 2.796875595405655668e-01
3.315059316567088899e+03 2.904329619043317101e-01
3.447315274903620775e+03 2.903564998892703142e-01
3.584847651199883330e+03 3.061667034283103161e-01
3.727866950803510917e+03 3.064347542093507903e-01
3.876592077278823126e+03 3.115186166249847566e-01
4.031250667457909003e+03 3.196808014882042692e-01
4.192079439858741353e+03 3.225420270012284152e-01
4.359324557003589689e+03 3.158826518417083840e-01
4.533242002192329892e+03 2.863693440359735831e-01
4.714097971307303851e+03 2.941657718216006412e-01
4.902169280249422627e+03 3.277962138831235772e-01
5.097743788629162736e+03 2.988050779715364924e-01
5.301120840360902548e+03 3.147896473356384117e-01
5.512611721834996388e+03 3.309119247455361013e-01
5.732540138368876796e+03 3.140576245124999111e-01
5.961242709666372320e+03 2.907294791783217036e-01
6.199069485043654822e+03 3.102086912458987822e-01
6.446384479210398240e+03 2.967414413753383107e-01
6.703566229426136488e+03 2.783117397065840160e-01
6.971008374884715522e+03 2.846101403371915084e-01
7.249120259213560530e+03 3.071286690367235339e-01
7.538327557009928569e+03 2.925929133194847265e-01
7.839072925373187900e+03 3.263040276141528362e-01
8.151816681430262179e+03 3.235002229112653449e-01
8.477037506891305384e+03 2.865235853255537757e-01
8.815233180714003538e+03 2.859935637390979557e-01
9.166921340997856532e+03 2.885292345265327851e-01
9.532640277274609616e+03 2.878193413565793835e-01
9.912949754407567525e+03 2.690997969438492232e-01
1.030843186936070742e+04 2.826630155971399105e-01
1.071969194214906747e+04 2.762545702292604766e-01
1.114735944233409100e+04 2.603357112145596730e-01
1.159208895248186127e+04 2.680709325701384760e-01
1.205456117005906890e+04 2.775945871477721871e-01
1.253548394930015820e+04 2.882736259663535860e-01
1.303559338464013672e+04 2.932368573507740939e-01
1.355565493737164434e+04 2.911888103705622677e-01
1.409646460725048564e+04 2.820411531566526797e-01
1.465885015084295628e+04 3.036141426514797348e-01
1.524367234847982581e+04 2.821142588295006415e-01
1.585182632175594517e+04 2.955655212502368845e-01
1.648424290359227234e+04 2.978213494822262719e-01
1.714189006295725630e+04 2.876750336333710467e-01
1.782577438642800553e+04 2.618515816722410405e-01
1.853694261885925880e+04 2.808614379999082589e-01
1.927648326551812715e+04 2.857064800799390958e-01
2.004552825813662275e+04 2.859886658095011081e-01
2.084525468743237434e+04 2.580826926265250010e-01
2.167688660474912831e+04 2.663817784189515536e-01
2.254169689557440142e+04 2.598517358388973686e-01
2.344100922780231122e+04 2.587036577292354811e-01
2.437620007772318422e+04 2.677452132958349496e-01
2.534870083684104611e+04 2.666178460543781048e-01
2.636000000274380000e+04 2.514715766685415299e-01
2.741164545737900335e+04 2.573233265296494543e-01
2.850524683622281736e+04 2.532024084523711860e-01
2.964247799196818596e+04 2.557534888020459030e-01
3.082507955650280201e+04 2.551306101612166866e-01
3.205486160509876208e+04 2.435662194160793659e-01
3.333370642689138913e+04 2.389619377133473666e-01
3.466357140588743641e+04 2.461463179197206086e-01
3.604649201691285270e+04 2.504506138537464510e-01
3.748458494108525338e+04 2.381863610225079253e-01
3.898005130557976372e+04 2.326800537367125221e-01
4.053518005264701787e+04 2.163551732198619182e-01
4.215235144303960260e+04 2.100140121011862537e-01
4.383404069920966867e+04 2.035235225900866862e-01
4.558282179385382187e+04 1.907564649739927898e-01
4.740137138960356242e+04 2.112547089148995583e-01
4.929247293589194305e+04 2.039072396753497940e-01
5.125902092926688783e+04 2.179669527564158105e-01
5.330402534367140470e+04 2.101980083800722432e-01
5.543061623747244448e+04 1.991654726275363108e-01
5.764204854428952967e+04 1.994828342770451901e-01
5.994170705495546281e+04 1.966801780388084120e-01
6.233311159823532216e+04 2.052624461032474257e-01
6.481992242823265406e+04 2.143659784508475108e-01
6.740594582672885736e+04 2.055775368465369568e-01
7.009513992903112376e+04 2.013754784401269871e-01
7.289162078224474681e+04 2.065781324858428358e-01
7.579966864524396078e+04 2.082818459860591997e-01
7.882373453998325567e+04 1.903818323479405106e-01
8.196844706417585257e+04 1.959926770635824766e-01
8.523861947576810780e+04 2.012974878511204213e-01
8.863925706005263783e+04 1.869342035850179717e-01
9.217556479069538182e+04 1.986277361629423255e-01
9.585295529640384484e+04 1.898018472433213033e-01
9.967705714542970236e+04 1.776815725707070470e-01
1.036537234605849953e+05 1.738521339061930293e-01
1.077890408779594873e+05 1.781412513461653468e-01
1.120893388630503468e+05 1.806518836488415769e-01
1.165611993985631998e+05 1.723179870323771901e-01
1.212114670587137080e+05 1.938888998699531407e-01
1.260472594854470954e+05 1.669079235681142359e-01
1.310759782826130104e+05 1.300258958276147014e-01
1.363053203447686974e+05 7.952184760045498402e-02
1.417432896379496669e+05 3.722285349152049810e-02
1.473982094504409761e+05 -1.215240346871085571e-02
1.532787351322994509e+05 -7.079483790902173224e-02
1.593938673431240604e+05 -1.230058712349353656e-01
1.657529658283545286e+05 -1.823943876055522384e-01
1.723657637451810879e+05 -2.360799988720724274e-01
1.792423825599941483e+05 -2.932311616025174983e-01
1.863933475401755131e+05 -3.685642345237580830e-01
1.938296038639411272e+05 -4.279657395620877214e-01
2.015625333728953265e+05 -4.949710828594548473e-01
2.096039719929369749e+05 -5.671197400411041034e-01
2.179662278501794790e+05 -6.330032207359412855e-01
2.266621001096163527e+05 -7.188227624473291222e-01
2.357048985653650307e+05 -7.883667925805821763e-01
2.451084640124711150e+05 -8.729703914255076969e-01
